# 3dvolreg matrices (DICOM-to-DICOM, row-by-row):
     0.999996   -0.00199707    0.00202412    -0.0376458    0.00198964      0.999991    0.00366553    -0.0924496   -0.00203142   -0.00366149      0.999991    -0.0498799
     0.999994   -0.00188564    0.00273829     -0.041979    0.00187059      0.999983    0.00548687     -0.188829   -0.00274859   -0.00548172      0.999981     -0.110648
     0.999994   -0.00203308    0.00282795     -0.019913    0.00202057      0.999988    0.00442055    -0.0943251    -0.0028369   -0.00441481      0.999986     -0.142819
     0.999994    -0.0022012    0.00254639    -0.0294155    0.00219046      0.999989    0.00421389   -0.00643474   -0.00255564   -0.00420829      0.999988    -0.0711023
     0.999996   -0.00201277    0.00199944    -0.0355469    0.00200378      0.999988    0.00449193     -0.179226   -0.00200846   -0.00448791      0.999988    -0.0566022
     0.999996    -0.0019549    0.00189533     -0.030773    0.00194669      0.999989    0.00432153     -0.175907   -0.00190376   -0.00431782      0.999989    -0.0950764
     0.999996   -0.00212589    0.00210231    -0.0453345    0.00211825      0.999991    0.00362879    -0.0226324   -0.00211001   -0.00362432      0.999991     -0.117626
     0.999996    -0.0020989    0.00210099    -0.0561462    0.00209072       0.99999    0.00388962     -0.122295   -0.00210914   -0.00388522       0.99999     -0.109746
     0.999996   -0.00207661    0.00195099     -0.038402    0.00206896       0.99999    0.00391541     -0.204918    -0.0019591   -0.00391135       0.99999     -0.127039
     0.999996   -0.00201462    0.00205454    -0.0381807    0.00200808      0.999993    0.00318082    -0.0473223   -0.00206094   -0.00317668      0.999993     -0.138829
     0.999996   -0.00170667    0.00212123    -0.0356273    0.00169949      0.999993    0.00338316     -0.108274   -0.00212699   -0.00337954      0.999992     -0.121304
     0.999997   -0.00152995    0.00197047    -0.0449744     0.0015224      0.999992    0.00382854     -0.171944   -0.00197631   -0.00382553      0.999991     -0.118181
     0.999997   -0.00171401    0.00180494    -0.0465941    0.00170832      0.999994    0.00315008    -0.0521083   -0.00181032   -0.00314699      0.999993     -0.129604
     0.999997   -0.00167242    0.00165401    -0.0396233    0.00166696      0.999993    0.00329916     -0.125357   -0.00165952   -0.00329639      0.999993    -0.0919535
     0.999997   -0.00163665    0.00159694    -0.0382426    0.00163149      0.999993     0.0032329      -0.14556   -0.00160222   -0.00323029      0.999993     -0.102432
     0.999997    -0.0016817    0.00169862    -0.0319047    0.00167755      0.999996    0.00244008    -0.0336497   -0.00170272   -0.00243722      0.999996     -0.128029
     0.999997   -0.00165112    0.00153282    -0.0334014    0.00164696      0.999995    0.00271191     -0.124811   -0.00153729   -0.00270938      0.999995     -0.105249
     0.999997   -0.00174385    0.00183953    -0.0453734    0.00173903      0.999995     0.0026215     -0.134273   -0.00184409   -0.00261829      0.999995     -0.119393
     0.999996   -0.00233091    0.00175877    -0.0661259    0.00232812      0.999996     0.0015853     -0.039432   -0.00176246   -0.00158119      0.999997     -0.129234
     0.999997   -0.00195814    0.00143934    -0.0611812    0.00195478      0.999995    0.00233074     -0.139992   -0.00144389   -0.00232792      0.999996    -0.0898618
     0.999998   -0.00164879     0.0014832    -0.0580846    0.00164445      0.999994    0.00291995     -0.126093     -0.001488   -0.00291751      0.999995     -0.106423
     0.999996   -0.00204457    0.00180212    -0.0670105    0.00203981      0.999994    0.00264253    -0.0195126   -0.00180752   -0.00263885      0.999995     -0.121826
     0.999996    -0.0020052    0.00172973    -0.0622368    0.00200051      0.999994    0.00270832     -0.119281   -0.00173515   -0.00270485      0.999995    -0.0751381
     0.999997   -0.00187875    0.00152679    -0.0613344    0.00187501      0.999995    0.00244832    -0.0843118   -0.00153139   -0.00244545      0.999996    -0.0801715
     0.999997   -0.00197258    0.00156128     -0.063533     0.0019692      0.999996    0.00216224    -0.0342778   -0.00156554   -0.00215916      0.999996    -0.0734773
     0.999997   -0.00179738    0.00159589    -0.0602923    0.00179316      0.999995    0.00264236     -0.143735   -0.00160063   -0.00263949      0.999995    -0.0505118
     0.999997   -0.00199802    0.00171305    -0.0663526    0.00199333      0.999994    0.00273076    -0.0846623    -0.0017185   -0.00272733      0.999995    -0.0734665
     0.999997   -0.00203173    0.00140011    -0.0640278    0.00202849      0.999995    0.00231126    -0.0061692   -0.00140479   -0.00230842      0.999996    -0.0744487
     0.999997   -0.00178545    0.00139425    -0.0609303    0.00178183      0.999995    0.00259389       -0.1252   -0.00139887    -0.0025914      0.999996     -0.061322
     0.999997   -0.00177556    0.00157945    -0.0614569    0.00177164      0.999995    0.00248418    -0.0681434   -0.00158386   -0.00248137      0.999996    -0.0785426
     0.999997   -0.00177824     0.0013804    -0.0573896    0.00177464      0.999995     0.0026051    -0.0427618   -0.00138503   -0.00260264      0.999996     -0.056181
     0.999998   -0.00163739    0.00115268    -0.0580178    0.00163395      0.999994    0.00298223     -0.132129   -0.00115756   -0.00298034      0.999995    -0.0436531
     0.999998   -0.00154651    0.00139033    -0.0529701    0.00154329      0.999996    0.00231548    -0.0332524    -0.0013939   -0.00231333      0.999996    -0.0733105
     0.999998   -0.00170025    0.00143613    -0.0538077    0.00169704      0.999996    0.00223345    -0.0585359   -0.00143992   -0.00223101      0.999996    -0.0495336
     0.999997   -0.00188514    0.00154233    -0.0550565    0.00188126      0.999995    0.00251805     -0.122601   -0.00154707   -0.00251514      0.999996    -0.0409981
     0.999998   -0.00179475    0.00132582    -0.0579872    0.00179218      0.999997    0.00194168    -0.0111702    -0.0013293    -0.0019393      0.999997    -0.0732503
     0.999998   -0.00142353    0.00114357    -0.0566792    0.00142103      0.999997    0.00218343    -0.0900629   -0.00114668   -0.00218181      0.999997    -0.0505481
     0.999998   -0.00134982     0.0012055    -0.0585271    0.00134721      0.999997    0.00216063    -0.0961088   -0.00120842     -0.002159      0.999997    -0.0503763
     0.999998   -0.00161319    0.00095827    -0.0580488    0.00161183      0.999998    0.00141526    0.00236179  -0.000960551   -0.00141371      0.999999    -0.0545816
     0.999999   -0.00121071   0.000801542    -0.0495053    0.00120945      0.999998    0.00156858      -0.11927  -0.000803439   -0.00156761      0.999998    -0.0232858
     0.999999   -0.00111237   0.000859384    -0.0515935    0.00111133      0.999999     0.0012012    -0.0762858  -0.000860719   -0.00120024      0.999999    -0.0460425
     0.999998   -0.00142647    0.00101728    -0.0547454     0.0014256      0.999999   0.000854292    -0.0265037    -0.0010185  -0.000852841      0.999999    -0.0385001
     0.999999   -0.00135238   0.000916549    -0.0525457    0.00135117      0.999998    0.00131765     -0.140326  -0.000918329   -0.00131641      0.999999    -0.0109004
     0.999999   -0.00130642   0.000770364    -0.0563213    0.00130584      0.999999   0.000743979    -0.0310044  -0.000771335  -0.000742972      0.999999     -0.036721
     0.999998   -0.00151757    0.00087857    -0.0588128    0.00151742      0.999999   0.000170407     0.0389144  -0.000878827  -0.000169073             1    -0.0338972
     0.999998   -0.00141927   0.000993007    -0.0507716     0.0014185      0.999999   0.000778068     -0.120286   -0.00099411  -0.000776658      0.999999   -0.00320541
     0.999999   -0.00133006   0.000939385     -0.050337    0.00132922      0.999999   0.000893648     -0.103668  -0.000940572  -0.000892398      0.999999    -0.0229537
     0.999998   -0.00138085    0.00108014    -0.0600475    0.00138041      0.999999   0.000407849     0.0188783   -0.00108071  -0.000406357      0.999999    -0.0594202
     0.999998    -0.0014141     0.0010344    -0.0501204    0.00141332      0.999999   0.000757788    -0.0864185   -0.00103547  -0.000756325      0.999999   -0.00404813
     0.999999   -0.00121848   0.000693231    -0.0584028    0.00121755      0.999998    0.00133987     -0.107559  -0.000694862   -0.00133903      0.999999    -0.0149463
     0.999998   -0.00152782   0.000899064    -0.0647405     0.0015273      0.999999   0.000580361     0.0250665  -0.000899949  -0.000578987      0.999999    -0.0232583
     0.999999   -0.00132167    0.00104053    -0.0581827    0.00132084      0.999999    0.00079393    -0.0753429   -0.00104158  -0.000792554      0.999999     0.0180228
     0.999999   -0.00110577    0.00114867    -0.0611315    0.00110436      0.999999    0.00122114     -0.128533   -0.00115002   -0.00121987      0.999999     0.0284833
     0.999998   -0.00143034    0.00132843    -0.0647892    0.00143004      0.999999   0.000223768     0.0237184   -0.00132875  -0.000221868      0.999999     0.0201104
     0.999998   -0.00125207      0.001392    -0.0719377    0.00125095      0.999999   0.000799577    -0.0964655     -0.001393  -0.000797834      0.999999     0.0583787
     0.999999   -0.00108138    0.00115115     -0.070034    0.00107996      0.999999    0.00123241     -0.153239   -0.00115248   -0.00123117      0.999999     0.0251833
     0.999999   -0.00121538    0.00120108    -0.0663354    0.00121472      0.999999   0.000547214     0.0017478   -0.00120174  -0.000545754      0.999999     0.0140167
     0.999999   -0.00112548   0.000917257    -0.0585552    0.00112473      0.999999   0.000818802    -0.0255002  -0.000918178   -0.00081777      0.999999     0.0297476
     0.999999  -0.000801713   0.000841796    -0.0454931    0.00080046      0.999999    0.00148726     -0.100434  -0.000842987   -0.00148658      0.999999     0.0175692
     0.999999   -0.00100517    0.00122974    -0.0478013    0.00100436      0.999999   0.000656404       0.01356    -0.0012304  -0.000655168      0.999999    -0.0130141
     0.999999  -0.000984192    0.00132064    -0.0539514    0.00098355      0.999999   0.000486675    -0.0158713   -0.00132112  -0.000485376      0.999999     0.0107464
     0.999998   -0.00100888    0.00144966    -0.0538207    0.00100718      0.999999    0.00117297     -0.141265   -0.00145084   -0.00117151      0.999998     0.0239624
     0.999999  -0.000924891    0.00132106    -0.0566073   0.000923719      0.999999    0.00088755    -0.0237731   -0.00132188  -0.000886328      0.999999   -0.00744588
     0.999999  -0.000498164    0.00112821    -0.0466647   0.000497768             1   0.000351661   -0.00899886   -0.00112839  -0.000351099      0.999999     0.0343239
     0.999999  -0.000324953    0.00105385    -0.0390141    0.00032423             1   0.000686093    -0.0968227   -0.00105407  -0.000685751      0.999999     0.0420191
     0.999999   -0.00070994    0.00122054    -0.0435063   0.000709474             1   0.000382333  -0.000139555   -0.00122081  -0.000381467      0.999999     0.0072021
     0.999999  -0.000863026   0.000986372    -0.0471143   0.000862199      0.999999   0.000838381    -0.0412391  -0.000987095   -0.00083753      0.999999     0.0234591
     0.999999  -0.000708484   0.000923538     -0.046283   0.000707492      0.999999    0.00107343     -0.057276  -0.000924298   -0.00107277      0.999999     0.0272165
     0.999999  -0.000914715    0.00104528     -0.050234   0.000914604             1   0.000106221     0.0833773   -0.00104538  -0.000105264      0.999999     0.0410862
     0.999999  -0.000823514   0.000894287    -0.0537021   0.000823107             1    0.00045611   -0.00549392  -0.000894662  -0.000455374      0.999999     0.0598847
            1  -0.000643618   0.000650567    -0.0519903   0.000642977      0.999999   0.000985731     -0.125023  -0.000651201  -0.000985312      0.999999     0.0604032
     0.999999  -0.000727967   0.000735446    -0.0533345   0.000727764             1   0.000275945   -0.00183068  -0.000735646  -0.000275409             1     0.0315767
     0.999999  -0.000819564   0.000788197    -0.0510594   0.000818862      0.999999   0.000890254    -0.0258575  -0.000788926  -0.000889608      0.999999     0.0500405
     0.999999  -0.000800898   0.000757721    -0.0515488    0.00080011      0.999999    0.00103909    -0.0611743  -0.000758553   -0.00103848      0.999999     0.0550034
     0.999999  -0.000963485   0.000663257    -0.0546479   0.000963076      0.999999   0.000616954     0.0355373  -0.000663851  -0.000616314             1     0.0561388
     0.999999  -0.000824375   0.000695584     -0.048212   0.000823579      0.999999    0.00114389    -0.0456481  -0.000696527   -0.00114332      0.999999     0.0817088
     0.999999  -0.000666158   0.000859415    -0.0465989   0.000665477      0.999999   0.000792828     0.0167299  -0.000859942  -0.000792256      0.999999     0.0612155
     0.999999  -0.000714182   0.000895484    -0.0506167   0.000713396      0.999999   0.000877528     0.0118025   -0.00089611  -0.000876888      0.999999     0.0816011
     0.999999  -0.000740306   0.000858647    -0.0478769   0.000739279      0.999999     0.0011955    -0.0507236  -0.000859531   -0.00119487      0.999999     0.0897749
     0.999999  -0.000817628   0.000918875    -0.0483661    0.00081703      0.999999   0.000650626     0.0238521  -0.000919407  -0.000649875      0.999999     0.0737817
     0.999999  -0.000788404   0.000938261    -0.0468035   0.000787328      0.999999    0.00114642    -0.0617279  -0.000939164   -0.00114568      0.999999      0.090111
     0.999999  -0.000843678    0.00114202    -0.0494317   0.000842444      0.999999    0.00108066    -0.0245612   -0.00114293    -0.0010797      0.999999     0.0741556
     0.999999   -0.00103266   0.000997901    -0.0462692    0.00103202      0.999999      0.000644     0.0241299  -0.000998565  -0.000642969      0.999999     0.0691632
     0.999999  -0.000776061   0.000895823    -0.0482554   0.000775024      0.999999    0.00115726       -0.0975  -0.000896721   -0.00115656      0.999999     0.0826793
            1  -0.000526419   0.000746648    -0.0701145   0.000525611      0.999999    0.00108224    -0.0163125  -0.000747217   -0.00108185      0.999999     0.0453196
            1  -0.000579328   0.000741142    -0.0672925   0.000578295      0.999999     0.0013929    -0.0203486  -0.000741948   -0.00139247      0.999999     0.0619344
     0.999999  -0.000597089   0.000931113    -0.0615372   0.000595762      0.999999    0.00142471    -0.0577108  -0.000931962   -0.00142415      0.999999     0.0648874
     0.999999  -0.000571461   0.000911994    -0.0623741   0.000570632      0.999999   0.000909234     0.0422492  -0.000912513  -0.000908713      0.999999     0.0577659
     0.999999  -0.000628276   0.000838265    -0.0518963   0.000627106      0.999999    0.00139495    -0.0689531  -0.000839141   -0.00139442      0.999999     0.0826282
     0.999999  -0.000749332   0.000817793    -0.0296956   0.000748184      0.999999    0.00140346    -0.0512664  -0.000818844   -0.00140285      0.999999     0.0571166
     0.999999  -0.000584838    0.00115583    -0.0395813   0.000583699      0.999999    0.00098535  -0.000588154   -0.00115641  -0.000984674      0.999999     0.0420367
     0.999998  -0.000804348    0.00153683    -0.0486279   0.000802177      0.999999    0.00141256    -0.0840449   -0.00153796   -0.00141133      0.999998     0.0561924
     0.999998   -0.00115354    0.00166986    -0.0569915    0.00115217      0.999999   0.000817202      0.039927    -0.0016708  -0.000815277      0.999998     0.0257669
     0.999999  -0.000782635    0.00150152    -0.0382055   0.000781687      0.999999   0.000631951    -0.0427097   -0.00150202  -0.000630777      0.999999     0.0645371
     0.999999  -0.000388841    0.00118244    -0.0433988   0.000387481      0.999999    0.00115035     -0.125384   -0.00118289   -0.00114989      0.999999     0.0566622
     0.999999   -0.00032011     0.0011172    -0.0623013    0.00031952             1   0.000528647     0.0107679   -0.00111737   -0.00052829      0.999999     0.0227656
     0.999999  -0.000260656    0.00136639    -0.0564393   0.000259628             1   0.000752852    -0.0534829   -0.00136658  -0.000752497      0.999999     0.0630127
     0.999999  -5.23877e-05    0.00132321    -0.0379668    5.0669e-05      0.999999     0.0012989     -0.109566   -0.00132328   -0.00129884      0.999998     0.0511961
     0.999999  -0.000228073    0.00128905    -0.0318129     0.0002274             1   0.000522424     0.0187255   -0.00128917   -0.00052213      0.999999     0.0111438
     0.999999  -0.000290049    0.00137729    -0.0290423   0.000288868             1   0.000857051    -0.0437077   -0.00137753  -0.000856652      0.999999     0.0492804
     0.999999  -0.000318515    0.00130931    -0.0192656   0.000316935      0.999999    0.00120677    -0.0827711   -0.00130969   -0.00120635      0.999998     0.0799107
     0.999999   -0.00056801    0.00162635    -0.0180781   0.000567916             1   5.81862e-05     0.0567682   -0.00162639  -5.72625e-05      0.999999     0.0621236
     0.999999  -0.000590434    0.00161431    -0.0171097   0.000589358             1     0.0006668    -0.0187289    -0.0016147  -0.000665847      0.999998     0.0557326
     0.999998  -0.000447002    0.00176021   -0.00690106   0.000444806      0.999999     0.0012474     -0.125786   -0.00176077   -0.00124662      0.999998     0.0599693
     0.999999  -0.000393867     0.0015057   -0.00914417   0.000393446             1   0.000280051     0.0075539   -0.00150581  -0.000279458      0.999999  -0.000348539
     0.999999  -8.96565e-05    0.00140225   -0.00234082   8.87703e-05             1    0.00063205    -0.0363375    -0.0014023  -0.000631925      0.999999    -0.0159825
     0.999999    -8.951e-05    0.00133714    0.00160008   8.80827e-05      0.999999    0.00106746     -0.110215   -0.00133724   -0.00106734      0.999999    -0.0198902
     0.999999  -0.000345502    0.00125098   -0.00189158   0.000345065             1   0.000349243     0.0158127    -0.0012511  -0.000348811      0.999999    -0.0332677
     0.999999  -0.000270322    0.00102758   -0.00231191   0.000269468             1   0.000831117    -0.0511375    -0.0010278   -0.00083084      0.999999   -0.00659182
     0.999999  -0.000145209     0.0010233    0.00114176   0.000144423             1   0.000768277    -0.0682069   -0.00102341  -0.000768129      0.999999    -0.0146556
     0.999999  -0.000450515    0.00108824   -0.00120774   0.000450667             1  -0.000139247     0.0655445   -0.00108818   0.000139738      0.999999    -0.0442853
     0.999999  -0.000511424   0.000868642    0.00376988   0.000511178             1   0.000283539    -0.0384278  -0.000868787  -0.000283095             1   -0.00103407
            1  -0.000259297   0.000594551     0.0291879   0.000258937             1   0.000605843    -0.0941233  -0.000594708  -0.000605689             1    0.00194709
            1  -0.000130267   0.000796417    0.00942397   0.000130435             1  -0.000210667     0.0530214  -0.000796389    0.00021077             1    -0.0249001
     0.999999  -0.000198546    0.00104233   -0.00758058   0.000198696             1  -0.000143567    -0.0266545    -0.0010423   0.000143774      0.999999     0.0230063
            1   -0.00013476   0.000949378    -0.0122321   0.000134557             1   0.000214467    -0.0844583  -0.000949407  -0.000214339             1      0.020079
            1  -0.000221533   0.000826731   -0.00525534   0.000221747             1   -0.00025837      0.047958  -0.000826674   0.000258553             1    -0.0197402
            1  -0.000376811   0.000744197   -0.00224806   0.000376838             1  -3.61039e-05    -0.0204645  -0.000744184   3.63843e-05             1     0.0105227
            1  -0.000341895   0.000721617   -0.00534732    0.00034194             1  -6.23402e-05    -0.0535909  -0.000721595   6.25869e-05             1   0.000470959
            1  -0.000330915   0.000794014   -0.00549343   0.000331228             1  -0.000394362     0.0624654  -0.000793883   0.000394625             1   -0.00995982
            1  -0.000349895   0.000801725   -0.00785575   0.000349934             1  -4.80799e-05    -0.0291755  -0.000801708   4.83604e-05             1      0.016193
            1  -9.59768e-05   0.000671796    -0.0104374   9.61005e-05             1  -0.000184189      -0.03328  -0.000671778   0.000184254             1   -0.00456922
            1   -0.00015794    0.00054822    -0.0158558   0.000158248             1  -0.000562348     0.0965842  -0.000548131   0.000562434             1  -0.000415068
            1  -0.000354796   0.000812214    -0.0173081   0.000355156             1  -0.000442783    -0.0104079  -0.000812056   0.000443071             1     0.0155353
            1  -0.000231262   0.000877652    -0.0104975   0.000231194             1   7.76283e-05    -0.0879825   -0.00087767  -7.74253e-05             1     0.0200199
            1  -0.000190741   0.000528047    -0.0138089   0.000191092             1    -0.0006645     0.0565423  -0.000527921   0.000664601             1    -0.0128937
            1  -0.000260074   0.000163574    -0.0189864   0.000260221             1  -0.000898639     0.0362125  -0.000163341   0.000898681             1    -0.0155723
            1  -0.000118076   5.45148e-05    -0.0108401   0.000118073             1   6.33806e-05    -0.0968851  -5.45223e-05  -6.33742e-05             1    -0.0121663
            1  -0.000159184   5.51708e-05   -0.00759021   0.000159171             1    0.00023458    -0.0259194  -5.52082e-05  -0.000234572             1    -0.0294483
            1  -4.88557e-05   0.000114623   -0.00727433   4.88654e-05             1  -8.43662e-05      0.079662  -0.000114619   8.43718e-05             1     -0.028032
            1   4.00986e-11   4.67343e-11   2.44262e-10  -4.00986e-11             1   7.65919e-11  -1.45883e-09  -4.67343e-11  -7.65919e-11             1   4.58453e-09
            1  -3.21376e-05  -6.13326e-05   -0.00564272   3.21284e-05             1   -0.00014995     0.0163653   6.13374e-05   0.000149948             1    -0.0287642
            1  -0.000239217   8.97137e-05  -0.000297819   0.000239286             1  -0.000775658     0.0849449  -8.95281e-05   0.000775679             1    -0.0331936
            1   6.98957e-05  -9.17487e-06    0.00373001  -6.98979e-05             1  -0.000240903    -0.0508435   9.15803e-06   0.000240904             1     0.0102512
            1   0.000174226  -4.21344e-05    0.00017805  -0.000174233             1  -0.000168855    -0.0270323    4.2105e-05   0.000168862             1    -0.0116908
            1  -2.93844e-05  -1.45698e-05   -0.00306713   2.93714e-05             1   -0.00089127     0.0979623    1.4596e-05    0.00089127             1    -0.0180064
            1  -3.84896e-05  -0.000223564   -0.00433019   3.83819e-05             1  -0.000481792    -0.0342816   0.000223582   0.000481783             1     0.0248245
            1    0.00024452  -0.000269378   -0.00875051  -0.000244563             1  -0.000157793    -0.0590053    0.00026934   0.000157858             1    0.00120593
            1   6.22429e-05  -7.51829e-05   -0.00905703  -6.22856e-05             1  -0.000568473     0.0610738   7.51475e-05   0.000568478             1    -0.0271417
            1   7.23797e-05  -0.000207522   -0.00833639  -7.23804e-05             1  -3.17685e-06    -0.0435984   0.000207521   3.19187e-06             1   -0.00152087
            1   0.000149267  -0.000173813   -0.00649647  -0.000149253             1   8.01965e-05    -0.0428673   0.000173825  -8.01706e-05             1   -0.00250423
            1   0.000191127   -0.00015148   -0.00496105  -0.000191223             1  -0.000635945     0.0968169   0.000151358   0.000635974             1    -0.0295499
            1   0.000195184  -0.000194832   -0.00301144   -0.00019523             1  -0.000239703     0.0372216   0.000194785   0.000239741             1   -0.00283531
     0.999999    0.00104829   -0.00056299    0.00811926   -0.00104794      0.999999   0.000620236     0.0782406   0.000563639  -0.000619646             1    -0.0134247
            1   0.000492262  -3.10841e-05    0.00520559  -0.000492251             1   0.000369389      0.165274    3.1266e-05  -0.000369374             1    -0.0286858
            1   0.000367047   -4.2044e-05    0.00857357  -0.000367016             1   0.000735722     0.0317194    4.2314e-05  -0.000735707             1    -0.0229099
            1   0.000579569  -4.59098e-05    0.00332267  -0.000579576             1  -0.000148616     0.0550802   4.58236e-05   0.000148642             1    -0.0460627
            1   0.000421016  -0.000174722    0.00120207  -0.000421136             1  -0.000685389      0.118887   0.000174433   0.000685463             1    -0.0580181
            1    0.00040828  -0.000119828     0.0101148  -0.000408287             1  -5.58606e-05    -0.0318215   0.000119805   5.59095e-05             1    -0.0373134
            1   0.000623252  -4.19833e-05     0.0152535  -0.000623253             1  -2.11166e-05     0.0107488   4.19702e-05   2.11428e-05             1    -0.0655168
            1   0.000602405  -1.19894e-05     0.0146531  -0.000602409             1  -0.000342854     0.0953789   1.17829e-05   0.000342861             1    -0.0701858
            1   0.000647122  -0.000185863     0.0133009  -0.000647105             1   9.25998e-05    0.00386469   0.000185923  -9.24795e-05             1    -0.0531525
            1    0.00069473  -0.000153317    0.00983694  -0.000694777             1  -0.000306482     0.0919409   0.000153104   0.000306588             1    -0.0769141
            1   0.000560079  -0.000277105    0.00742595  -0.000560346      0.999999   -0.00096499      0.157642   0.000276564   0.000965145      0.999999    -0.0709482
            1   0.000719212  -0.000318224     0.0105121  -0.000719314             1  -0.000319989    0.00153158   0.000317993   0.000320218             1    -0.0356575
            1   0.000654077  -0.000318109     0.0132656  -0.000654241             1  -0.000515026     0.0551223   0.000317772   0.000515234             1    -0.0671574
            1   0.000497104  -0.000392727     0.0126525  -0.000497567      0.999999   -0.00117892       0.11439    0.00039214    0.00117911      0.999999     -0.054349
            1   0.000721894  -0.000447943     0.0122781  -0.000722117             1  -0.000498092    -0.0252355   0.000447584   0.000498415             1    -0.0122618
            1   0.000695933  -0.000324478    0.00645039   -0.00069614             1  -0.000638884     0.0740798   0.000324033    0.00063911             1    -0.0449079
            1    0.00046275  -0.000544964     0.0126878  -0.000463142             1  -0.000719733     0.0996579   0.000544631   0.000719985             1    -0.0118917
            1   0.000641716  -0.000522646     0.0122205  -0.000641493             1   0.000426237   -0.00146653    0.00052292  -0.000425902             1    0.00408208
            1   0.000563643  -0.000425324     0.0100943  -0.000563645             1  -5.91979e-06      0.115112   0.000425321   6.15952e-06             1    -0.0390627
            1   0.000563144  -0.000490406     0.0134856  -0.000562986             1   0.000322516     0.0467882   0.000490588   -0.00032224             1    -0.0148656
            1     0.0007122   -0.00022774    0.00853947  -0.000712258             1  -0.000253265     0.0551731    0.00022756   0.000253427             1     -0.032038
            1   0.000590316  -0.000125088     0.0168737  -0.000590375             1  -0.000474591      0.137298   0.000124807   0.000474665             1    -0.0279068
            1   0.000643795  -0.000205886    0.00799333  -0.000643782             1   6.47593e-05   -0.00185629   0.000205928  -6.46267e-05             1   -0.00466435
            1    0.00058579  -0.000259736    0.00348822  -0.000585952             1  -0.000623842     0.0921837   0.000259371   0.000623994             1    -0.0367657
            1   0.000396278  -0.000374052     0.0107442  -0.000396516             1  -0.000636793      0.101079     0.0003738   0.000636941             1     -0.013304
            1   0.000577569  -0.000365847    0.00760583  -0.000577529             1   0.000110487    -0.0367656   0.000365911  -0.000110276             1    0.00427596
            1   0.000706183  -0.000218834     0.0143334  -0.000706203             1  -8.99956e-05     0.0759964    0.00021877   9.01502e-05             1    -0.0588553
            1   0.000512624  -0.000334764      0.020989  -0.000512589             1   0.000107233     0.0503194   0.000334819  -0.000107062             1     -0.039363
     0.999999     0.0011732  -0.000512088     0.0041647   -0.00117316      0.999999   6.26328e-05    -0.0466132   0.000512161   -6.2032e-05             1    -0.0617086
     0.999999    0.00114553  -0.000317516    0.00901823   -0.00114568      0.999999   -0.00046922      0.101377   0.000316978   0.000469583             1    -0.0998264
            1   0.000852703  -0.000468932    -0.0114173  -0.000852813             1  -0.000235512     0.0351067   0.000468731   0.000235912             1    -0.0522488
     0.999999    0.00089593  -0.000725881    -0.0081054  -0.000895951             1  -2.86789e-05    -0.0279574   0.000725855   2.93292e-05             1    -0.0487312
     0.999999   0.000898602  -0.000605556   -0.00370481  -0.000898932      0.999999  -0.000545539      0.114925   0.000605066   0.000546083             1    -0.0733605
            1   0.000792823  -0.000576599   -0.00063913  -0.000792998             1  -0.000302844     0.0396342   0.000576359   0.000303301             1    -0.0651106
     0.999999   0.000995757  -0.000650505  -5.59194e-05  -0.000995722             1   5.46256e-05    -0.0461474   0.000650559  -5.39779e-05             1    -0.0756263
     0.999999   0.000986768  -0.000518953   -0.00441055  -0.000987035      0.999999  -0.000515294      0.110837   0.000518444   0.000515806             1     -0.111281
            1    0.00048962  -0.000694783  -0.000122096  -0.000490028             1  -0.000586568      0.116392   0.000694496   0.000586908             1    -0.0916899
            1   0.000177799  -0.000596369    0.00108403  -0.000177728             1   0.000119615    -0.0267175    0.00059639  -0.000119509             1     -0.036988
     0.999999    0.00115675  -0.000515104   -0.00625434   -0.00115697      0.999999  -0.000436017     0.0275641   0.000514599   0.000436613             1    -0.0401078
     0.999999    0.00102088   0.000317003    0.00593277   -0.00102049      0.999999   -0.00123574      0.156811  -0.000318265    0.00123541      0.999999    -0.0295226
     0.999999    0.00108663   9.53332e-05    0.00897618    -0.0010865      0.999999   -0.00129099      0.029336  -9.67359e-05    0.00129088      0.999999     0.0194922
     0.999999    0.00117077   0.000120713    0.00478902   -0.00117066      0.999999  -0.000891308    -0.0282974  -0.000121756   0.000891167             1     0.0235907
            1   0.000976064  -8.37705e-05    0.00476688  -0.000976176      0.999999   -0.00135065      0.109367    8.2452e-05    0.00135073      0.999999    -0.0196029
     0.999999    0.00103019  -0.000404662    0.00986737   -0.00103075      0.999999   -0.00137112     0.0944675   0.000403249    0.00137154      0.999999    -0.0244812
     0.999999    0.00106712  -0.000134116     0.0147486   -0.00106722      0.999999  -0.000772327   -0.00982755   0.000133292    0.00077247             1     -0.020135
            1    0.00093539  -0.000136359     0.0200432  -0.000935578      0.999999   -0.00138289      0.107033   0.000135065    0.00138302      0.999999    -0.0464443
     0.999999    0.00125335  -2.38845e-05      0.033885   -0.00125338      0.999998   -0.00119797     0.0813317   2.23829e-05      0.001198      0.999999   -0.00780612
     0.999999    0.00104864  -5.66481e-05     0.0293542   -0.00104869      0.999999   -0.00102206    -0.0249773   5.55762e-05    0.00102212      0.999999   -0.00746735
     0.999999    0.00110162  -0.000156676     0.0246507   -0.00110188      0.999998   -0.00168582      0.112367   0.000154819    0.00168599      0.999999    -0.0479412
            1    0.00094391  -1.56358e-05     0.0239264  -0.000943927      0.999999   -0.00112895     0.0180489   1.45702e-05    0.00112896      0.999999    -0.0179968
            1    0.00066505   0.000366472     0.0359738  -0.000664702      0.999999  -0.000949632    -0.0338572  -0.000367104   0.000949389      0.999999   -0.00392438
     0.999999    0.00111304   8.90668e-05     0.0336042   -0.00111289      0.999998   -0.00166108      0.121218  -9.09155e-05    0.00166098      0.999999    -0.0363454
     0.999999    0.00121544   0.000182316     0.0436786   -0.00121519      0.999998   -0.00134199      0.035273  -0.000183947    0.00134177      0.999999   -0.00355841
     0.999999     0.0015272  -5.65199e-05     0.0442889   -0.00152726      0.999998   -0.00104617     -0.037942   5.49221e-05    0.00104626      0.999999   -0.00602884
     0.999999      0.001489   8.36938e-05     0.0383541   -0.00148886      0.999997   -0.00175481      0.108037  -8.63065e-05    0.00175469      0.999998    -0.0327355
     0.999999    0.00135651   2.43803e-05     0.0338213   -0.00135647      0.999998    -0.0014189     0.0462719   -2.6305e-05    0.00141887      0.999999   -0.00452652
     0.999999    0.00150566   -5.0299e-05     0.0344126   -0.00150571      0.999998   -0.00111287    -0.0205823   4.86233e-05    0.00111294      0.999999   -0.00178869
     0.999999    0.00151168   0.000138995     0.0218657   -0.00151145      0.999998   -0.00163876      0.123047  -0.000141472    0.00163855      0.999999     -0.036827
     0.999999     0.0012748   0.000201141    0.00622221   -0.00127445      0.999998   -0.00174006      0.100904  -0.000203359    0.00173981      0.999998    -0.0381596
     0.999999    0.00144668   2.21729e-05     0.0134096   -0.00144665      0.999998   -0.00110727     -0.060455  -2.37748e-05    0.00110724      0.999999    -0.0284587
     0.999998    0.00173462   2.09756e-05     0.0109099   -0.00173458      0.999997   -0.00155931     0.0440474  -2.36804e-05    0.00155927      0.999999    -0.0553713
     0.999999     0.0017259  -0.000144083    0.00836076   -0.00172617      0.999997    -0.0019215      0.110376   0.000140766    0.00192175      0.999998    -0.0473711
     0.999998    0.00173544  -0.000223565    0.00545886   -0.00173571      0.999998   -0.00119351    -0.0225864   0.000221493     0.0011939      0.999999   -0.00616417
     0.999998    0.00175818  -0.000373368      0.013743   -0.00175865      0.999998   -0.00125498     0.0483012    0.00037116    0.00125564      0.999999    -0.0505066
     0.999999    0.00166027  -0.000342786     0.0113429   -0.00166078      0.999998    -0.0014906     0.0749469    0.00034031    0.00149117      0.999999    -0.0395718
     0.999998    0.00179174  -0.000544811     0.0149212    -0.0017922      0.999998  -0.000843819    -0.0686243   0.000543298   0.000844794      0.999999    -0.0237891
     0.999999    0.00142234  -0.000540915     0.0158723   -0.00142292      0.999998   -0.00108842     0.0126204   0.000539366    0.00108919      0.999999    -0.0345987
     0.999999    0.00133296  -0.000290923     0.0142669   -0.00133348      0.999997   -0.00180624      0.095721   0.000288514    0.00180663      0.999998    -0.0466533
     0.999999    0.00155116  -0.000275853     0.0125768   -0.00155147      0.999998    -0.0011458    -0.0159534   0.000274075    0.00114623      0.999999    -0.0221471
     0.999999    0.00155283  -0.000238406  -0.000318917   -0.00155309      0.999998   -0.00108013     0.0484171   0.000236729     0.0010805      0.999999    -0.0248134
     0.999999    0.00146902  -0.000386476    0.00371321   -0.00146959      0.999998   -0.00149105      0.109766   0.000384285    0.00149162      0.999999    -0.0151388
     0.999999    0.00146444  -0.000476913     0.0015254   -0.00146485      0.999999  -0.000859085    -0.0128454   0.000475654   0.000859782             1    0.00748752
     0.999999    0.00134746   -0.00049466    -0.0296263   -0.00134798      0.999999   -0.00105203     0.0565149   0.000493242     0.0010527      0.999999    -0.0329042
     0.999999     0.0014665  -0.000807812     -0.021527   -0.00146727      0.999998  -0.000946356      0.122762   0.000806423    0.00094754      0.999999    -0.0497231
     0.999998    0.00159986  -0.000775755   -0.00517588   -0.00159971      0.999999    0.00019674     0.0145059   0.000776069  -0.000195499             1    -0.0196486
     0.999998    0.00174803  -0.000560045   -0.00788839   -0.00174793      0.999998   0.000194826    0.00600159   0.000560384  -0.000193847             1    -0.0120587
     0.999998    0.00164758  -0.000702979   -0.00837594   -0.00164822      0.999998  -0.000909453      0.112656    0.00070148    0.00091061      0.999999     -0.043508
     0.999999    0.00158977  -0.000552874   -0.00422608   -0.00159005      0.999999  -0.000501583     0.0243349   0.000552076   0.000502462             1   -0.00521483
     0.999999    0.00129726     0.0002272     0.0239342   -0.00129716      0.999999  -0.000442485    -0.0242704  -0.000227774    0.00044219             1    -0.0073759
     0.999999    0.00143028   8.66193e-05     0.0294647   -0.00143018      0.999998   -0.00104598      0.110875  -8.81152e-05    0.00104585      0.999999    -0.0369648
     0.999999     0.0016476  -0.000298665     0.0158249   -0.00164779      0.999998  -0.000648626     0.0393401   0.000297596   0.000649118             1   -0.00911358
     0.999999     0.0016824  -0.000267145     0.0161461   -0.00168256      0.999998  -0.000579796    0.00688877   0.000266169   0.000580244             1    -0.0221207
     0.999999    0.00165886  -0.000255707    0.00803417   -0.00165923      0.999998   -0.00141987      0.177083   0.000253351    0.00142029      0.999999    -0.0441857
     0.999998    0.00167422  -0.000573344   -0.00249754   -0.00167472      0.999998  -0.000865378     0.0658268   0.000571894   0.000866337      0.999999    -0.0238861
     0.999998    0.00196324   -0.00040025    0.00181509   -0.00196298      0.999998    0.00065689     -0.113696   0.000401539  -0.000656103             1    -0.0260408
     0.999998    0.00198941   8.94391e-05     0.0137779   -0.00198955      0.999997    0.00159425     0.0270838  -8.62671e-05   -0.00159442      0.999999     -0.051974
     0.999999    0.00168592   6.87509e-05    0.00976731   -0.00168597      0.999998   0.000786898     0.0500253  -6.74241e-05  -0.000787013             1    -0.0216039
     0.999998    0.00201253   8.62357e-05   -0.00809167   -0.00201264      0.999997    0.00123212    -0.0175441  -8.37558e-05   -0.00123229      0.999999     0.0106527
     0.999998    0.00196864   0.000579732    -0.0212056   -0.00196927      0.999997    0.00108795      0.159322  -0.000577589   -0.00108909      0.999999    -0.0376396
     0.999998    0.00206932   0.000161812    -0.0284449   -0.00206953      0.999997    0.00128456      0.136238  -0.000159153   -0.00128489      0.999999    -0.0463591
     0.999997     0.0025159  -0.000330364   -0.00543615    -0.0025155      0.999996    0.00121462     0.0757502   0.000333418   -0.00121379      0.999999      -0.04924
     0.999997    0.00248753  -0.000669668   -0.00935754   -0.00248729      0.999997    0.00036331       0.17916    0.00067057  -0.000361643             1     -0.052943
     0.999998    0.00220862  -0.000348082   -0.00351584   -0.00220843      0.999997   0.000538763     0.0525335   0.000349271  -0.000537993             1    -0.0183617
     0.999997    0.00225198  -0.000123191    -0.0132839   -0.00225201      0.999997    -0.0002459     0.0032224   0.000122637   0.000246177             1    0.00198721
